<?xml version="1.0" encoding="UTF-8" standalone="no" ?>
<SimscapeMultibodyImportXML version="2.0" xmlns="urn:mathworks:SimscapeMultibody:import" xmlns:xsi="http://www.w3.org/2001/XMLSchema-instance">
<Created by="" on="11/25/23||13:10:08" using="Simscape Multibody Link Version 7.4" from="SolidWorks 31.2.1"/>
<ModelUnits mass="kilogram" length="inch"/>
<DataUnits mass="kilogram" length="meter"/>
<RootAssembly name="SimplifiedAssem" uid="SimplifiedAssem" version="168">
<AssemblyFile name="SimplifiedAssem.SLDASM" type="SolidWorks Assembly"/>
<InstanceTree>
<Instance name="upperbit.STEP-1" uid="upperbit.STEP-1" entityUid="upperbit.STEP" rigid="true">
<Transform>
<Rotation>1 0 0 0 1 0 0 0 1</Rotation>
<Translation>0.037255973024381051 0.11409633791914545 -0.11811717393675596</Translation>
</Transform>
<Instance name="Rack Motor Support.STEP-1" uid="Rack Motor Support.STEP-1" grounded="true" entityUid="Rack Motor Support.STEP*:*Default">
<Transform>
<Rotation>0 -1 0 1 0 -1e-14 1e-14 0 1</Rotation>
<Translation>0.21579427280799196 0.11633952840397602 0.21536501688682599</Translation>
</Transform>
</Instance>
<Instance name="Small Motor Mount Base.STEP-1" uid="Small Motor Mount Base.STEP-1" grounded="true" entityUid="Small Motor Mount Base.STEP*:*Default">
<Transform>
<Rotation>1 -2.1599999999999999e-13 -5.8000000000000005e-14 -5.8000000000000005e-14 7.4999999999999996e-14 -1 2.1599999999999999e-13 1 7.4999999999999996e-14</Rotation>
<Translation>0.16757244608319399 0.12588985512874001 0.22628701688685099</Translation>
</Transform>
</Instance>
<Instance name="Small Motor Mount Triangle.STEP-2" uid="Small Motor Mount Triangle.STEP-2" grounded="true" entityUid="Small Motor Mount Triangle.STEP*:*Default">
<Transform>
<Rotation>1 0 0 0 1 0 0 0 1</Rotation>
<Translation>0.27397289953272103 0.086481791766346988 0.24524808024924</Translation>
</Transform>
</Instance>
<Instance name="10 Tooth Gear.STEP-1" uid="10 Tooth Gear.STEP-1" grounded="true" entityUid="10 Tooth Gear.STEP*:*Default">
<Transform>
<Rotation>-1 4.3509399306306009e-14 -1.3530311220369033e-13 -3.4e-14 -0.99758163665958766 -0.069504519274492971 -1.3799999999999999e-13 -0.069504519274492971 0.99758163665958766</Rotation>
<Translation>0.265766704170321 0.11566635512878201 0.25159808024923602</Translation>
</Transform>
</Instance>
<Instance name="Small Motor.STEP-1" uid="Small Motor.STEP-1" grounded="true" entityUid="Small Motor.STEP*:*Default">
<Transform>
<Rotation>1 0 0 0 1 0 0 0 1</Rotation>
<Translation>0.21684833617035998 0.115666355128765 0.24459808024920299</Translation>
</Transform>
</Instance>
<Instance name="Small Motor Mount Front.STEP-1" uid="Small Motor Mount Front.STEP-1" grounded="true" entityUid="Small Motor Mount Front.STEP*:*Default">
<Transform>
<Rotation>2.3999999999999999e-14 1 1.3799999999999999e-13 1 -2.3999999999999999e-14 -1.42e-13 -1.42e-13 1.3799999999999999e-13 -1</Rotation>
<Translation>0.24478833617032897 0.11566635512873699 0.24524808024924599</Translation>
</Transform>
</Instance>
<Instance name="Small Motor Mount Base.STEP-2" uid="Small Motor Mount Base.STEP-2" grounded="true" entityUid="Small Motor Mount Base.STEP*:*Default">
<Transform>
<Rotation>1 -2.1599999999999999e-13 -3.7e-14 3.7e-14 8.6999999999999995e-14 1 -2.1599999999999999e-13 -1 8.6999999999999995e-14</Rotation>
<Translation>0.16757244608323199 0.105442855128732 0.21942901688684199</Translation>
</Transform>
</Instance>
<Instance name="BEST_HingePlate_Half Plate 4.STEP-2" uid="BEST_HingePlate_Half Plate 4.STEP-2" grounded="true" entityUid="BEST_HingePlate_Half Plate 4.STEP*:*Default">
<Transform>
<Rotation>0 0 -1 1e-14 -1 0 -1 -1e-14 0</Rotation>
<Translation>0.172872772807973 0.304294154376474 0.031049686886845992</Translation>
</Transform>
</Instance>
<Instance name="Small Motor Mount Triangle.STEP-1" uid="Small Motor Mount Triangle.STEP-1" grounded="true" entityUid="Small Motor Mount Triangle.STEP*:*Default">
<Transform>
<Rotation>1 0 0 0 1 0 0 0 1</Rotation>
<Translation>0.27397289953273901 0.15170891849110499 0.24524808024921901</Translation>
</Transform>
</Instance>
<Instance name="Rack.STEP-1" uid="Rack.STEP-1" grounded="true" entityUid="Rack.STEP*:*Default">
<Transform>
<Rotation>0 1 0 -1 0 0 0 0 1</Rotation>
<Translation>0.265519272807972 0.32880036840397808 0.172120016886843</Translation>
</Transform>
</Instance>
<Instance name="Custom Arm Base.STEP-1" uid="Custom Arm Base.STEP-1" grounded="true" entityUid="Custom Arm Base.STEP*:*Default">
<Transform>
<Rotation>0 1 0 -6.8000000000000001e-14 0 -1 -1 0 6.8000000000000001e-14</Rotation>
<Translation>0.18296927280797201 0.31009961840398803 0.138555186886822</Translation>
</Transform>
</Instance>
<Instance name="Wheel Hub.STEP-1" uid="Wheel Hub.STEP-1" grounded="true" entityUid="Wheel Hub.STEP*:*Default">
<Transform>
<Rotation>1.3799999999999999e-13 3.4e-14 -1 -1.84e-13 -1 -3.4e-14 -1 1.84e-13 -1.3799999999999999e-13</Rotation>
<Translation>0.26894170417027302 0.20298357927706998 0.57903704734327999</Translation>
</Transform>
</Instance>
<Instance name="Surgical Tool Mount.STEP-1" uid="Surgical Tool Mount.STEP-1" grounded="true" entityUid="Surgical Tool Mount.STEP*:*Default">
<Transform>
<Rotation>0 -1 0 0 0 -1 1 0 0</Rotation>
<Translation>0.265519272807972 0.29470086840397802 0.099095016886842996</Translation>
</Transform>
</Instance>
<Instance name="Acrylic Servo Mount.STEP-1" uid="Acrylic Servo Mount.STEP-1" grounded="true" entityUid="Acrylic Servo Mount.STEP*:*Default">
<Transform>
<Rotation>0 1 0 -1e-14 0 1 1 0 1e-14</Rotation>
<Translation>0.243294272807972 0.009299368403976993 0.125855186886843</Translation>
</Transform>
</Instance>
<Instance name="Inner Interface Custom Tool.STEP-1" uid="Inner Interface Custom Tool.STEP-1" grounded="true" entityUid="Inner Interface Custom Tool.STEP*:*Default">
<Transform>
<Rotation>0 1 0 6.8000000000000001e-14 0 1 1 0 -6.8000000000000001e-14</Rotation>
<Translation>0.18296927280797201 0.30692461840398799 0.138555186886822</Translation>
</Transform>
</Instance>
<Instance name="Interface Custom Tool.STEP-1" uid="Interface Custom Tool.STEP-1" grounded="true" entityUid="Interface Custom Tool.STEP*:*Default">
<Transform>
<Rotation>0 1 0 1.0000000000000001e-15 0 -1 -1 0 -1.0000000000000001e-15</Rotation>
<Translation>0.24646927280797198 0.31844986840397804 0.13855518688684301</Translation>
</Transform>
</Instance>
<Instance name="Servo_screw.STEP-1" uid="Servo_screw.STEP-1" grounded="true" entityUid="Servo_screw.STEP*:*Default">
<Transform>
<Rotation>1 0 0 0 1 0 0 0 1</Rotation>
<Translation>0.20227274054795599 0.28306639840397807 0.026082793086841</Translation>
</Transform>
</Instance>
<Instance name="futaba_s3003_servo_servo_body (1).STEP-1" uid="futaba_s3003_servo_servo_body (1).STEP-1" grounded="true" entityUid="futaba_s3003_servo_servo_body (1).STEP*:*Default">
<Transform>
<Rotation>1 0 0 0 1 0 0 0 1</Rotation>
<Translation>0.19249427280797199 0.24767784840397797 0.016240293086843008</Translation>
</Transform>
</Instance>
<Instance name="Igus Rail Official_11 inches.STEP-1" uid="Igus Rail Official_11 inches.STEP-1" grounded="true" entityUid="Igus Rail Official_11 inches.STEP*:*Default">
<Transform>
<Rotation>0 0 1 1e-14 1 0 -1 1e-14 0</Rotation>
<Translation>0.24436927280799198 -0.11226047159602399 0.18568501688682301</Translation>
</Transform>
</Instance>
<Instance name="futaba_s3003_servo_servo_body (1).STEP-2" uid="futaba_s3003_servo_servo_body (1).STEP-2" grounded="true" entityUid="futaba_s3003_servo_servo_body (1).STEP*:*Default">
<Transform>
<Rotation>1 0 0 0 1 0 0 0 1</Rotation>
<Translation>0.19249427280797199 0.24767784840397797 0.219655481886843</Translation>
</Transform>
</Instance>
<Instance name="Surgical Tool Support 2.STEP-1" uid="Surgical Tool Support 2.STEP-1" grounded="true" entityUid="Surgical Tool Support 2.STEP*:*Default">
<Transform>
<Rotation>0 1 0 -1.1e-14 0 1 1 0 1.1e-14</Rotation>
<Translation>0.18296927280797201 0.30892486840397704 0.13855518688684601</Translation>
</Transform>
</Instance>
<Instance name="Surgical Tool Support 1.STEP-1" uid="Surgical Tool Support 1.STEP-1" grounded="true" entityUid="Surgical Tool Support 1.STEP*:*Default">
<Transform>
<Rotation>0 1 0 -1e-14 0 1 1 0 1e-14</Rotation>
<Translation>0.18296927280797201 0.30892486840397704 0.13855518688684601</Translation>
</Transform>
</Instance>
<Instance name="Rack and Pinion Spine.STEP-1" uid="Rack and Pinion Spine.STEP-1" grounded="true" entityUid="Rack and Pinion Spine.STEP*:*Default">
<Transform>
<Rotation>0 1 0 1e-14 0 -1 -1 0 -1e-14</Rotation>
<Translation>0.24436927280799198 0.16713952840397703 0.172185016886826</Translation>
</Transform>
</Instance>
<Instance name="6-arm_servo_horn.STEP-1" uid="6-arm_servo_horn.STEP-1" grounded="true" entityUid="6-arm_servo_horn.STEP*:*Default">
<Transform>
<Rotation>1 0 0 0 1 0 0 0 1</Rotation>
<Translation>0.20227274054795599 0.28977199840397805 0.026082793086841</Translation>
</Transform>
</Instance>
<Instance name="Servo_screw.STEP-2" uid="Servo_screw.STEP-2" grounded="true" entityUid="Servo_screw.STEP*:*Default">
<Transform>
<Rotation>1 0 0 0 1 0 0 0 1</Rotation>
<Translation>0.20227274054795899 0.28306639840397807 0.22949798188684001</Translation>
</Transform>
</Instance>
<Instance name="6-arm_servo_horn.STEP-2" uid="6-arm_servo_horn.STEP-2" grounded="true" entityUid="6-arm_servo_horn.STEP*:*Default">
<Transform>
<Rotation>1 0 0 0 1 0 0 0 1</Rotation>
<Translation>0.20227274054795899 0.28977199840397805 0.22949798188684101</Translation>
</Transform>
</Instance>
<Instance name="BEST_HingePlate_Half Plate 4.STEP-1" uid="BEST_HingePlate_Half Plate 4.STEP-1" grounded="true" entityUid="BEST_HingePlate_Half Plate 4.STEP*:*Default">
<Transform>
<Rotation>0 0 -1 1.1e-14 -1 0 -1 -1.1e-14 0</Rotation>
<Translation>0.172872772807973 0.304294154376475 -0.070550313113154003</Translation>
</Transform>
</Instance>
<Instance name="Igus Rail Official_14.3646 Inches.STEP-1" uid="Igus Rail Official_14.3646 Inches.STEP-1" grounded="true" entityUid="Igus Rail Official_14.3646 Inches.STEP*:*Default">
<Transform>
<Rotation>0 0 1 1.1e-14 1 0 -1 1.1e-14 0</Rotation>
<Translation>0.25046927280797199 -0.036060471596023991 0.18562001688684199</Translation>
</Transform>
</Instance>
<Instance name="BEST_HingePlate_Half Plate 2.STEP-1" uid="BEST_HingePlate_Half Plate 2.STEP-1" grounded="true" entityUid="BEST_HingePlate_Half Plate 2.STEP*:*Default">
<Transform>
<Rotation>0 0 1 6.8000000000000001e-14 -1 0 1 6.8000000000000001e-14 0</Rotation>
<Translation>0.172872772807973 0.304294154376472 -0.0070503131131780111</Translation>
</Transform>
</Instance>
<Instance name="BEST_HingePlate_Half Plate 2.STEP-2" uid="BEST_HingePlate_Half Plate 2.STEP-2" grounded="true" entityUid="BEST_HingePlate_Half Plate 2.STEP*:*Default">
<Transform>
<Rotation>0 0 1 6.8000000000000001e-14 -1 0 1 6.8000000000000001e-14 0</Rotation>
<Translation>0.172872772807972 0.304294154376479 0.094549686886821999</Translation>
</Transform>
</Instance>
<Instance name="Surgical Tool Support.STEP-1" uid="Surgical Tool Support.STEP-1" grounded="true" entityUid="Surgical Tool Support.STEP*:*Default">
<Transform>
<Rotation>0 -1 0 1 0 -1.1e-14 1.1e-14 0 1</Rotation>
<Translation>0.25916927280797197 0.233550368403976 0.183459846886845</Translation>
</Transform>
</Instance>
<Instance name="BEST_HingePlate_Half Plate 2.STEP-3" uid="BEST_HingePlate_Half Plate 2.STEP-3" grounded="true" entityUid="BEST_HingePlate_Half Plate 2.STEP*:*Default">
<Transform>
<Rotation>0 0 -1 1.1e-14 -1 0 -1 -1.1e-14 0</Rotation>
<Translation>0.172872772807973 0.304294154376472 0.168273186886846</Translation>
</Transform>
</Instance>
<Instance name="BEST_HingePlate_Half Plate 4.STEP-3" uid="BEST_HingePlate_Half Plate 4.STEP-3" grounded="true" entityUid="BEST_HingePlate_Half Plate 4.STEP*:*Default">
<Transform>
<Rotation>0 0 1 -1.1e-14 -1 0 1 -1.1e-14 0</Rotation>
<Translation>0.172872772807973 0.30429415437647001 0.23177318688684601</Translation>
</Transform>
</Instance>
<Instance name="BEST_HingePlate_Half Plate 4.STEP-4" uid="BEST_HingePlate_Half Plate 4.STEP-4" grounded="true" entityUid="BEST_HingePlate_Half Plate 4.STEP*:*Default">
<Transform>
<Rotation>0 0 1 -1.1e-14 -1 0 1 -1.1e-14 0</Rotation>
<Translation>0.172872772807972 0.30429415437646901 0.33337318688684597</Translation>
</Transform>
</Instance>
<Instance name="Biopsy Needle Cardboard.STEP-2" uid="Biopsy Needle Cardboard.STEP-2" grounded="true" entityUid="Biopsy Needle Cardboard.STEP*:*Default">
<Transform>
<Rotation>0 1 0 -1.1e-14 0 1 1 0 1.1e-14</Rotation>
<Translation>0.188176272807973 0.32279961840398008 -0.078932313113154004</Translation>
</Transform>
</Instance>
<Instance name="Biopsy Needle Cardboard.STEP-4" uid="Biopsy Needle Cardboard.STEP-4" grounded="true" entityUid="Biopsy Needle Cardboard.STEP*:*Default">
<Transform>
<Rotation>0 1 0 1.1e-14 0 -1 -1 0 -1.1e-14</Rotation>
<Translation>0.188176272807973 0.31009961840397704 0.24015518688684601</Translation>
</Transform>
</Instance>
<Instance name="Biopsy Needle Cardboard.STEP-1" uid="Biopsy Needle Cardboard.STEP-1" grounded="true" entityUid="Biopsy Needle Cardboard.STEP*:*Default">
<Transform>
<Rotation>0 1 0 -1.1e-14 0 1 1 0 1.1e-14</Rotation>
<Translation>0.188176272807972 0.32279961840397797 0.21158018688684599</Translation>
</Transform>
</Instance>
<Instance name="BEST_HingePin_Top.STEP-1" uid="BEST_HingePin_Top.STEP-1" grounded="true" entityUid="BEST_HingePin_Top.STEP*:*Default">
<Transform>
<Rotation>0 1.1e-14 -1 -1.1e-14 1 1.1e-14 1 1.1e-14 0</Rotation>
<Translation>0.172872772807972 0.30429415437647001 0.238123186886846</Translation>
</Transform>
</Instance>
<Instance name="BEST_HingePin_Top.STEP-2" uid="BEST_HingePin_Top.STEP-2" grounded="true" entityUid="BEST_HingePin_Top.STEP*:*Default">
<Transform>
<Rotation>0 -1.1e-14 1 1.1e-14 1 1.1e-14 -1 1.1e-14 0</Rotation>
<Translation>0.172872772807972 0.304294154376474 0.024699686886845998</Translation>
</Transform>
</Instance>
<Instance name="BEST_HingePin_Bottom.STEP-1" uid="BEST_HingePin_Bottom.STEP-1" grounded="true" entityUid="BEST_HingePin_Bottom.STEP*:*Default">
<Transform>
<Rotation>0 -1e-14 1 1e-14 1 1e-14 -1 1e-14 0</Rotation>
<Translation>0.172872772807973 0.304294154376473 0.094549686886845993</Translation>
</Transform>
</Instance>
<Instance name="BEST_HingePin_Bottom.STEP-2" uid="BEST_HingePin_Bottom.STEP-2" grounded="true" entityUid="BEST_HingePin_Bottom.STEP*:*Default">
<Transform>
<Rotation>0 0.69976794828280364 -0.71437022513265169 -1.1e-14 0.71437022513265169 0.69976794828280364 1 7.8580724764591701e-15 7.6974474311108409e-15</Rotation>
<Translation>0.172872772807973 0.304294154376471 0.168273186886846</Translation>
</Transform>
</Instance>
<Instance name="Biopsy Needle Cardboard.STEP-3" uid="Biopsy Needle Cardboard.STEP-3" grounded="true" entityUid="Biopsy Needle Cardboard.STEP*:*Default">
<Transform>
<Rotation>0 1 0 -1e-14 0 1 1 0 1e-14</Rotation>
<Translation>0.188176272807972 0.32279961840398008 0.022667686886845992</Translation>
</Transform>
</Instance>
<Instance name="BEST_HingePlate_Half Plate 2.STEP-4" uid="BEST_HingePlate_Half Plate 2.STEP-4" grounded="true" entityUid="BEST_HingePlate_Half Plate 2.STEP*:*Default">
<Transform>
<Rotation>0 0 -1 1.1e-14 -1 0 -1 -1.1e-14 0</Rotation>
<Translation>0.172872772807973 0.304294154376471 0.26987318688684597</Translation>
</Transform>
</Instance>
<Instance name="Claw Spacer.STEP-1" uid="Claw Spacer.STEP-1" grounded="true" entityUid="Claw Spacer.STEP*:*Default">
<Transform>
<Rotation>0 -1 0 1 0 0 0 0 1</Rotation>
<Translation>0.27821927280797198 -0.036060471596021992 0.172120016886843</Translation>
</Transform>
</Instance>
<Instance name="Left Claw Finger.STEP-1" uid="Left Claw Finger.STEP-1" grounded="true" entityUid="Left Claw Finger.STEP*:*Default">
<Transform>
<Rotation>0 0 1 6.8999999999999996e-14 -1 0 1 6.8999999999999996e-14 0</Rotation>
<Translation>0.31584937280797198 -0.016439503856002999 0.52105251688684395</Translation>
</Transform>
</Instance>
<Instance name="4-arm_servo_horn (1).STEP-2" uid="4-arm_servo_horn (1).STEP-2" grounded="true" entityUid="4-arm_servo_horn (1).STEP*:*Default">
<Transform>
<Rotation>0 1 0 -0.70710678118650561 0 0.70710678118658954 0.70710678118658954 0 0.70710678118650561</Rotation>
<Translation>0.31386817280797302 -0.016439503856025994 0.203552516886844</Translation>
</Transform>
</Instance>
<Instance name="4-arm_servo_horn (1).STEP-1" uid="4-arm_servo_horn (1).STEP-1" grounded="true" entityUid="4-arm_servo_horn (1).STEP*:*Default">
<Transform>
<Rotation>0 1 2.0000000000000002e-15 -0.70710678118650006 -2.0000000000000002e-15 0.70710678118659498 0.70710678118659498 -1.0000000000000001e-15 0.70710678118650006</Rotation>
<Translation>0.31386817280797302 -0.016439503856004997 0.52105251688684395</Translation>
</Transform>
</Instance>
<Instance name="Claw Spacer.STEP-2" uid="Claw Spacer.STEP-2" grounded="true" entityUid="Claw Spacer.STEP*:*Default">
<Transform>
<Rotation>0 1 0 1 0 1e-14 1e-14 0 -1</Rotation>
<Translation>0.27821927280797198 -0.036060471596023991 0.18482001688684199</Translation>
</Transform>
</Instance>
<Instance name="Claw Base.STEP-1" uid="Claw Base.STEP-1" grounded="true" entityUid="Claw Base.STEP*:*Default">
<Transform>
<Rotation>0 0 1 1e-14 -1 0 1 1e-14 0</Rotation>
<Translation>0.29091927280797197 0.052839528403982011 0.36262001688684198</Translation>
</Transform>
</Instance>
<Instance name="Claw Center.STEP-1" uid="Claw Center.STEP-1" grounded="true" entityUid="Claw Center.STEP*:*Default">
<Transform>
<Rotation>1 0 0 0 1 0 0 0 1</Rotation>
<Translation>0.28933177280797201 -0.099560471596021993 0.36103251688684301</Translation>
</Transform>
</Instance>
<Instance name="futaba_s3003_servo_servo_body (1).STEP-4" uid="futaba_s3003_servo_servo_body (1).STEP-4" grounded="true" entityUid="futaba_s3003_servo_servo_body (1).STEP*:*Default">
<Transform>
<Rotation>0 1 0 1 0 0 0 0 -1</Rotation>
<Translation>0.27177402280797303 -0.026217971596022002 0.21339501688684301</Translation>
</Transform>
</Instance>
<Instance name="Servo_screw.STEP-4" uid="Servo_screw.STEP-4" grounded="true" entityUid="Servo_screw.STEP*:*Default">
<Transform>
<Rotation>-1.0000000000000001e-15 1 0 -1 -1.0000000000000001e-15 0 0 0 1</Rotation>
<Translation>0.30716257280797199 -0.016439503856023996 0.203552516886844</Translation>
</Transform>
</Instance>
<Instance name="Right Claw Finger.STEP-1" uid="Right Claw Finger.STEP-1" grounded="true" entityUid="Right Claw Finger.STEP*:*Default">
<Transform>
<Rotation>0 0 1 6.8000000000000001e-14 -1 0 1 6.8000000000000001e-14 0</Rotation>
<Translation>0.31584937280797298 -0.016439503856025994 0.203552516886844</Translation>
</Transform>
</Instance>
<Instance name="Servo_screw.STEP-3" uid="Servo_screw.STEP-3" grounded="true" entityUid="Servo_screw.STEP*:*Default">
<Transform>
<Rotation>-1.0000000000000001e-15 1 0 -1 -1.0000000000000001e-15 0 0 0 1</Rotation>
<Translation>0.30716257280797199 -0.016439503856002999 0.52105251688684395</Translation>
</Transform>
</Instance>
<Instance name="futaba_s3003_servo_servo_body (1).STEP-3" uid="futaba_s3003_servo_servo_body (1).STEP-3" grounded="true" entityUid="futaba_s3003_servo_servo_body (1).STEP*:*Default">
<Transform>
<Rotation>0 1 0 1 0 0 0 0 -1</Rotation>
<Translation>0.27177402280797303 -0.026217971596023001 0.53089501688684304</Translation>
</Transform>
</Instance>
</Instance>
<Instance name="wheel-1" uid="wheel-1" entityUid="wheel" rigid="true">
<Transform>
<Rotation>-0.9935428107949773 5.4284158688346691e-16 0.11345784731615603 0.11345784731615603 -1.0658898614956527e-14 0.9935428107949773 1.7486720476627317e-15 1 1.0528482452001106e-14</Rotation>
<Translation>-0.087423941205827527 0.026273641020955051 0.16086049644234304</Translation>
</Transform>
<Instance name="Wheels 75 Spike-2" uid="Wheels 75 Spike-2" entityUid="Wheels 75 Spike*:*Default">
<Transform>
<Rotation>-0.99419029198371556 1.089564949653693e-15 0.10763671922413319 1.0895649496533637e-15 1 0 -0.10763671922413319 0 -0.99419029198371556</Rotation>
<Translation>0.05051127299353847 0.008129683145344957 -0.014185363219792916</Translation>
</Transform>
</Instance>
<Instance name="8 Tooth Gear (1)-1" uid="8 Tooth Gear (1)-1" grounded="true" entityUid="8 Tooth Gear (1)*:*Default">
<Transform>
<Rotation>1 0 0 0 1 0 0 0 1</Rotation>
<Translation>-0.22542297163276148 0.0017796831453450179 -0.03073880785862794</Translation>
</Transform>
</Instance>
<Instance name="Wheel Hub-1" uid="Wheel Hub-1" entityUid="Wheel Hub*:*Default">
<Transform>
<Rotation>1.0000000000000002 0 0 0 0 -1 0 1.0000000000000002 0</Rotation>
<Translation>-0.3352170202848645 0.02400468314534504 -0.082264893821877502</Translation>
</Transform>
</Instance>
<Instance name="Wheels 75 Spike-1" uid="Wheels 75 Spike-1" entityUid="Wheels 75 Spike*:*Default">
<Transform>
<Rotation>0.74147299317517201 1.4125129698048351e-16 0.67098271243889085 1.4125129698048832e-16 1 -3.6660455535191484e-16 -0.67098271243889085 3.6660455535191672e-16 0.74147299317517201</Rotation>
<Translation>-0.032168603153486068 0.0017796831453450179 0.061380258324085626</Translation>
</Transform>
</Instance>
</Instance>
<Instance name="wheel-3" uid="wheel-3" entityUid="wheel" rigid="true">
<Transform>
<Rotation>0.46341926949740003 -2.531982003353131e-16 0.8861391429445471 0.8861391429445471 -1.0958603504489969e-14 -0.46341926949740003 9.8281844423752991e-15 1 -4.8540591945221467e-15</Rotation>
<Translation>0.18430080958064746 0.039644650940494228 0.16086049644234315</Translation>
</Transform>
<Instance name="Wheels 75 Spike-2" uid="Wheels 75 Spike-2" entityUid="Wheels 75 Spike*:*Default">
<Transform>
<Rotation>-0.99419029198371534 1.0895649496536889e-15 0.10763671922413316 1.0895649496533625e-15 1 0 -0.10763671922413316 0 -0.99419029198371534</Rotation>
<Translation>0.05051127299353847 0.0081296831453449292 -0.014185363219792968</Translation>
</Transform>
</Instance>
<Instance name="8 Tooth Gear (1)-1" uid="8 Tooth Gear (1)-1" grounded="true" entityUid="8 Tooth Gear (1)*:*Default">
<Transform>
<Rotation>1 0 0 0 1 0 0 0 1</Rotation>
<Translation>-0.22542297163276157 0.0017796831453449902 -0.030738807858627926</Translation>
</Transform>
</Instance>
<Instance name="Wheel Hub-1" uid="Wheel Hub-1" entityUid="Wheel Hub*:*Default">
<Transform>
<Rotation>1 0 0 0 0 -1 0 1 0</Rotation>
<Translation>-0.33521702028486455 0.024004683145345013 -0.082264893821877516</Translation>
</Transform>
</Instance>
<Instance name="Wheels 75 Spike-1" uid="Wheels 75 Spike-1" entityUid="Wheels 75 Spike*:*Default">
<Transform>
<Rotation>0.74147299317517212 1.4125129698049628e-16 0.67098271243889096 1.4125129698047735e-16 1 -3.6660455535191958e-16 -0.67098271243889096 3.6660455535191879e-16 0.74147299317517212</Rotation>
<Translation>-0.032168603153486089 0.0017796831453450179 0.06138025832408564</Translation>
</Transform>
</Instance>
</Instance>
<Instance name="wheel-4" uid="wheel-4" entityUid="wheel" rigid="true">
<Transform>
<Rotation>-0.42609888802648077 0 0.9046765928344761 -0.9046765928344761 1.0351979336614665e-14 -0.42609888802648077 -9.365193395341451e-15 -1 -4.410966884204626e-15</Rotation>
<Translation>0.1772884327169848 0.025527035997581729 -0.089580137266966883</Translation>
</Transform>
<Instance name="Wheels 75 Spike-2" uid="Wheels 75 Spike-2" entityUid="Wheels 75 Spike*:*Default">
<Transform>
<Rotation>-0.99419029198371511 1.089564949653691e-15 0.10763671922413315 1.0895649496533629e-15 1 0 -0.10763671922413315 0 -0.99419029198371511</Rotation>
<Translation>0.050511272993538435 0.0081296831453449431 -0.014185363219792912</Translation>
</Transform>
</Instance>
<Instance name="8 Tooth Gear (1)-1" uid="8 Tooth Gear (1)-1" grounded="true" entityUid="8 Tooth Gear (1)*:*Default">
<Transform>
<Rotation>1 0 0 0 1 0 0 0 1</Rotation>
<Translation>-0.22542297163276143 0.001779683145345004 -0.03073880785862794</Translation>
</Transform>
</Instance>
<Instance name="Wheel Hub-1" uid="Wheel Hub-1" entityUid="Wheel Hub*:*Default">
<Transform>
<Rotation>0.99999999999999989 0 0 0 0 -1 0 0.99999999999999989 0</Rotation>
<Translation>-0.33521702028486439 0.024004683145344999 -0.082264893821877461</Translation>
</Transform>
</Instance>
<Instance name="Wheels 75 Spike-1" uid="Wheels 75 Spike-1" entityUid="Wheels 75 Spike*:*Default">
<Transform>
<Rotation>0.74147299317517201 1.4125129698049313e-16 0.67098271243889096 1.4125129698048208e-16 1 -3.66604555351918e-16 -0.67098271243889096 3.6660455535191563e-16 0.74147299317517201</Rotation>
<Translation>-0.032168603153486061 0.0017796831453450179 0.061380258324085613</Translation>
</Transform>
</Instance>
</Instance>
<Instance name="wheel-2" uid="wheel-2" entityUid="wheel" rigid="true">
<Transform>
<Rotation>0.48593892295756269 -2.6550225434502226e-16 0.87399277065365011 -0.87399277065365011 1.1074431775841532e-14 0.48593892295756269 -9.8079911907017849e-15 -1 5.1494503986296492e-15</Rotation>
<Translation>-0.079758927243307104 0.021157780107387232 -0.08958013726696723</Translation>
</Transform>
<Instance name="Wheels 75 Spike-2" uid="Wheels 75 Spike-2" entityUid="Wheels 75 Spike*:*Default">
<Transform>
<Rotation>-0.99419029198371534 1.0895649496536879e-15 0.10763671922413309 1.0895649496533676e-15 1 0 -0.10763671922413309 0 -0.99419029198371534</Rotation>
<Translation>0.050511272993538435 0.0081296831453449431 -0.014185363219792912</Translation>
</Transform>
</Instance>
<Instance name="8 Tooth Gear (1)-1" uid="8 Tooth Gear (1)-1" grounded="true" entityUid="8 Tooth Gear (1)*:*Default">
<Transform>
<Rotation>1 0 0 0 1 0 0 0 1</Rotation>
<Translation>-0.22542297163276143 0.001779683145345004 -0.030738807858627953</Translation>
</Transform>
</Instance>
<Instance name="Wheel Hub-1" uid="Wheel Hub-1" entityUid="Wheel Hub*:*Default">
<Transform>
<Rotation>0.99999999999999989 0 0 0 0 -1 0 0.99999999999999989 0</Rotation>
<Translation>-0.33521702028486439 0.024004683145345013 -0.082264893821877461</Translation>
</Transform>
</Instance>
<Instance name="Wheels 75 Spike-1" uid="Wheels 75 Spike-1" entityUid="Wheels 75 Spike*:*Default">
<Transform>
<Rotation>0.74147299317517212 1.4125129698048839e-16 0.67098271243889096 1.4125129698048208e-16 1 -3.6660455535192391e-16 -0.67098271243889096 3.6660455535191248e-16 0.74147299317517212</Rotation>
<Translation>-0.032168603153486068 0.0017796831453450318 0.061380258324085613</Translation>
</Transform>
</Instance>
</Instance>
<Instance name="simpBase-1" uid="simpBase-1" grounded="true" entityUid="simpBase" rigid="true">
<Transform>
<Rotation>1 0 0 0 1 0 0 0 1</Rotation>
<Translation>0.037255973024400646 0.11409633791913684 -0.097174837299178279</Translation>
</Transform>
<Instance name="Standoffs - Gear Mount-7" uid="Standoffs - Gear Mount-7" entityUid="Standoffs - Gear Mount*:*Default">
<Transform>
<Rotation>-0.99999999999999989 6.6491950834191016e-15 0 0 9.7154506928413606e-15 1 6.6491950834191016e-15 0.99999999999999989 -9.715450692841359e-15</Rotation>
<Translation>0.077053630475237972 -0.11226047159601252 0.022325016886867804</Translation>
</Transform>
</Instance>
<Instance name="Standoffs - Gear Mount-6" uid="Standoffs - Gear Mount-6" entityUid="Standoffs - Gear Mount*:*Default">
<Transform>
<Rotation>0.99999999999999989 1.7924834605680008e-16 1.6653345369383851e-16 0 9.7154506928413938e-15 1 0 -0.99999999999999989 9.7604206634670966e-15</Rotation>
<Translation>-0.045515084859293113 -0.11226047159601334 0.015975016886865895</Translation>
</Transform>
</Instance>
<Instance name="Standoffs - Gear Axel Holder-4" uid="Standoffs - Gear Axel Holder-4" entityUid="Standoffs - Gear Axel Holder*:*Default">
<Transform>
<Rotation>1 0 0 0 1.04744440165294e-14 1 0 -1 1.04744440165294e-14</Rotation>
<Translation>0.16595363047523923 -0.11226047159601581 0.29410501688686524</Translation>
</Transform>
</Instance>
<Instance name="Standoffs - Gear Mount-1" uid="Standoffs - Gear Mount-1" entityUid="Standoffs - Gear Mount*:*Default">
<Transform>
<Rotation>0.99999999999999989 1.7924834605680008e-16 1.6653345369383851e-16 0 9.7154506928413938e-15 1 0 -0.99999999999999989 9.7604206634670966e-15</Rotation>
<Translation>-0.045515084859289845 -0.11226047159601521 0.24330501688686659</Translation>
</Transform>
</Instance>
<Instance name="Large Motor Mount - Triangle-3" uid="Large Motor Mount - Triangle-3" entityUid="Large Motor Mount - Triangle*:*Default">
<Transform>
<Rotation>-2.3856388563860201e-14 1 6.9518221308177867e-15 -2.5398362907784819e-14 -6.9518221308183925e-15 1 1 2.3856388563860025e-14 2.5398362907784987e-14</Rotation>
<Translation>-0.013415290554410299 -0.085552408233636412 0.28116364361162316</Translation>
</Transform>
</Instance>
<Instance name="Large Motor Mount - Base-2" uid="Large Motor Mount - Base-2" entityUid="Large Motor Mount - Base*:*Default">
<Transform>
<Rotation>1.7208456881689926e-15 -6.9518221308178119e-15 1 -2.6430816793389622e-14 1 6.9518221308178561e-15 -1 -2.6430816793389635e-14 1.7208456881686789e-15</Rotation>
<Translation>0.0087207728079698316 -0.10768847159601395 -0.015533609837889858</Translation>
</Transform>
</Instance>
<Instance name="Large Motor Mount - Mount-1" uid="Large Motor Mount - Mount-1" entityUid="Large Motor Mount - Mount*:*Default">
<Transform>
<Rotation>-1 -2.3634343958935183e-14 -6.9518221308177883e-15 -6.951822130817894e-15 4.4494748747260113e-15 1 -2.3634343958935012e-14 1 -4.4494748747261753e-15</Rotation>
<Translation>0.015769272807970261 -0.085552408233633456 0.020508953524489684</Translation>
</Transform>
</Instance>
<Instance name="Large Motor Mount - Base-1" uid="Large Motor Mount - Base-1" entityUid="Large Motor Mount - Base*:*Default">
<Transform>
<Rotation>1.6530020402715735e-15 6.9518221308178821e-15 -1.0000000000000002 1.7464023396040177e-14 -1.0000000000000002 -6.9518221308178545e-15 -1 -1.7464023396040174e-14 -1.6530020402716966e-15</Rotation>
<Translation>0.022817772807969969 -0.11454647159601104 -0.015533609837888374</Translation>
</Transform>
</Instance>
<Instance name="Standoffs - Gear Axel Holder-2" uid="Standoffs - Gear Axel Holder-2" entityUid="Standoffs - Gear Axel Holder*:*Default">
<Transform>
<Rotation>1 0 0 0 1.04744440165294e-14 1 0 -1 1.04744440165294e-14</Rotation>
<Translation>-0.098342632896245813 -0.11226047159601293 -0.022124983113134142</Translation>
</Transform>
</Instance>
<Instance name="Standoffs - Gear Axel Holder-1" uid="Standoffs - Gear Axel Holder-1" entityUid="Standoffs - Gear Axel Holder*:*Default">
<Transform>
<Rotation>1 0 0 0 1.04744440165294e-14 1 0 -1 1.04744440165294e-14</Rotation>
<Translation>-0.098342632896242593 -0.11226047159601574 0.29410501688686663</Translation>
</Transform>
</Instance>
<Instance name="Standoffs - Gear Mount-5" uid="Standoffs - Gear Mount-5" entityUid="Standoffs - Gear Mount*:*Default">
<Transform>
<Rotation>-0.99999999999999989 6.6491950834191016e-15 0 0 9.7154506928413606e-15 1 6.6491950834191016e-15 0.99999999999999989 -9.715450692841359e-15</Rotation>
<Translation>0.077053630475239512 -0.11226047159601031 0.24965501688686781</Translation>
</Transform>
</Instance>
<Instance name="16 Tooth Gear-2" uid="16 Tooth Gear-2" entityUid="16 Tooth Gear*:*Default">
<Transform>
<Rotation>1 2.3263849386224969e-14 9.9920072216334317e-16 -9.99200722161967e-16 2.4972069330330351e-14 1 2.3263849386224944e-14 -1 2.4972069330330345e-14</Rotation>
<Translation>-0.31881201290713307 -0.12213586165045789 0.0079740535244784277</Translation>
</Transform>
</Instance>
<Instance name="Quarter Inch Pin-3" uid="Quarter Inch Pin-3" entityUid="Quarter Inch Pin*:*1 Inch">
<Transform>
<Rotation>1 0 0 0 -1.04744440165294e-14 -1 0 1 -1.04744440165294e-14</Rotation>
<Translation>-0.063551310840816111 -0.083685471596015248 0.24013001688686636</Translation>
</Transform>
</Instance>
<Instance name="Large Motor Mount - Triangle-2" uid="Large Motor Mount - Triangle-2" entityUid="Large Motor Mount - Triangle*:*Default">
<Transform>
<Rotation>2.3634343958935189e-14 -1 -6.9518221308182687e-15 -4.4494748747260121e-15 -6.9518221308183736e-15 1 -1 -2.3634343958935161e-14 -4.4494748747261761e-15</Rotation>
<Translation>-0.020273290554407682 -0.08555240823363397 -0.015533609837889956</Translation>
</Transform>
</Instance>
<Instance name="Large Motor Mount - Base-4" uid="Large Motor Mount - Base-4" entityUid="Large Motor Mount - Base*:*Default">
<Transform>
<Rotation>-1.8750466451966048e-15 -6.9518221308178853e-15 1.0000000000000002 -3.4848646370186311e-15 -1.0000000000000002 -6.9518221308178924e-15 1 -3.4848646370186429e-15 1.8750466451965827e-15</Rotation>
<Translation>0.0087207728079697552 -0.11454647159601399 0.28116364361162244</Translation>
</Transform>
</Instance>
<Instance name="Standoffs - Gear Axel Holder-5" uid="Standoffs - Gear Axel Holder-5" entityUid="Standoffs - Gear Axel Holder*:*Default">
<Transform>
<Rotation>1 0 0 0 1.04744440165294e-14 1 0 -1 1.04744440165294e-14</Rotation>
<Translation>0.11312608243828431 -0.11226047159601552 0.26616501688686606</Translation>
</Transform>
</Instance>
<Instance name="Large Motor-2" uid="Large Motor-2" entityUid="Large Motor*:*Default">
<Transform>
<Rotation>2.3398787127856326e-14 -0.99999914138553281 -0.0013104305389830366 -5.0637189258455228e-15 -0.0013104305389830366 0.99999914138553281 -1 -2.3392131385397913e-14 -5.0943770632906989e-15</Rotation>
<Translation>0.015769272807969394 -0.08555240823363329 0.057237353524489686</Translation>
</Transform>
</Instance>
<Instance name="16 Tooth Gear-1" uid="16 Tooth Gear-1" entityUid="16 Tooth Gear*:*Default">
<Transform>
<Rotation>0.99999999999999989 -2.4448695978739e-14 -1.8360313269741757e-14 -1.8360313269741757e-14 -2.5519450270845366e-14 -0.99999999999999989 2.4448695978738533e-14 1 -2.5519450270845814e-14</Rotation>
<Translation>-0.31881201290713296 -0.048968954816805188 0.25765598024923764</Translation>
</Transform>
</Instance>
<Instance name="Base - Base-1" uid="Base - Base-1" grounded="true" entityUid="Base - Base*:*Default">
<Transform>
<Rotation>1 0 0 0 1.04744440165294e-14 1 0 -1 1.04744440165294e-14</Rotation>
<Translation>-0.21283072719202764 -0.12496047159601585 0.29791501688686595</Translation>
</Transform>
</Instance>
<Instance name="Standoffs - Gear Axel Holder-3" uid="Standoffs - Gear Axel Holder-3" entityUid="Standoffs - Gear Axel Holder*:*Default">
<Transform>
<Rotation>1 0 0 0 1.04744440165294e-14 1 0 -1 1.04744440165294e-14</Rotation>
<Translation>0.16595363047523734 -0.1122604715960125 -0.022124983113133961</Translation>
</Transform>
</Instance>
<Instance name="Large Motor Mount - Triangle-1" uid="Large Motor Mount - Triangle-1" entityUid="Large Motor Mount - Triangle*:*Default">
<Transform>
<Rotation>2.363434395893517e-14 -1 -6.9518221308177875e-15 -4.4494748747260121e-15 -6.9518221308178924e-15 1 -1 -2.3634343958935142e-14 -4.4494748747261761e-15</Rotation>
<Translation>0.044953836170350023 -0.085552408233633456 -0.015533609837888526</Translation>
</Transform>
</Instance>
<Instance name="Standoffs - Gear Axel Holder-6" uid="Standoffs - Gear Axel Holder-6" entityUid="Standoffs - Gear Axel Holder*:*Default">
<Transform>
<Rotation>1 0 0 0 1.04744440165294e-14 1 0 -1 1.04744440165294e-14</Rotation>
<Translation>-0.045515084859292648 -0.11226047159601552 0.26616501688686611</Translation>
</Transform>
</Instance>
<Instance name="Large Motor Mount - Mount-2" uid="Large Motor Mount - Mount-2" entityUid="Large Motor Mount - Mount*:*Default">
<Transform>
<Rotation>1 2.3856388563860214e-14 6.9518221308177883e-15 -6.9518221308183941e-15 2.5398362907784819e-14 1 2.3856388563859895e-14 -1 2.539836290778498e-14</Rotation>
<Translation>0.015769272807969463 -0.085552408233635649 0.24512108024924492</Translation>
</Transform>
</Instance>
<Instance name="Wheel Hub-2" uid="Wheel Hub-2" entityUid="Wheel Hub*:*Default">
<Transform>
<Rotation>-1.0000000000000002 -8.4376949871518886e-15 -2.2981736974093874e-14 8.4376949871505034e-15 -1.0000000000000002 -2.5050490205470509e-14 -2.298173697409366e-14 -2.5050490205470682e-14 1</Rotation>
<Translation>0.34320823990203042 0.0017648159145918496 -0.014250946475503165</Translation>
</Transform>
</Instance>
<Instance name="Large Motor Mount - Triangle-4" uid="Large Motor Mount - Triangle-4" entityUid="Large Motor Mount - Triangle*:*Default">
<Transform>
<Rotation>-2.385638856386022e-14 1 6.9518221308182679e-15 -2.5398362907784819e-14 -6.9518221308188737e-15 1 1 2.3856388563860044e-14 2.5398362907784987e-14</Rotation>
<Translation>0.051811836170347403 -0.085552408233636912 0.2811636436116246</Translation>
</Transform>
</Instance>
<Instance name="Ball Bearing-1" uid="Ball Bearing-1" entityUid="Ball Bearing*:*Default">
<Transform>
<Rotation>6.6491950834191032e-15 -9.7154506928413622e-15 -1 9.7154506928413622e-15 1 -9.7154506928412975e-15 1 -9.7154506928412975e-15 6.6491950834191978e-15</Rotation>
<Translation>0.14791740449371563 -0.083685471596011141 0.24655101688686704</Translation>
</Transform>
</Instance>
<Instance name="Standoffs - Gear Axel Holder-7" uid="Standoffs - Gear Axel Holder-7" entityUid="Standoffs - Gear Axel Holder*:*Default">
<Transform>
<Rotation>1 0 0 0 1.04744440165294e-14 1 0 -1 1.04744440165294e-14</Rotation>
<Translation>-0.045515084859292648 -0.1122604715960128 0.005815016886866059</Translation>
</Transform>
</Instance>
<Instance name="Wheel Hub-1" uid="Wheel Hub-1" entityUid="Wheel Hub*:*Default">
<Transform>
<Rotation>-1.0000000000000002 0 2.4377075663412185e-14 0 1.0000000000000002 2.5638576559319402e-14 -2.4377075663412176e-14 2.5638576559319402e-14 -1</Rotation>
<Translation>0.34320823990202803 -0.17286963238186437 0.27988098024924879</Translation>
</Transform>
</Instance>
<Instance name="Ball Bearing-2" uid="Ball Bearing-2" entityUid="Ball Bearing*:*Default">
<Transform>
<Rotation>-1.7924834605680008e-16 0.38304900806323389 0.92372802134706977 -9.7154506928413906e-15 -0.92372802134706977 0.383049008063234 1 -8.9057731438393661e-15 3.8870704708129387e-15</Rotation>
<Translation>-0.11637885887776638 -0.083685471596015318 0.24655101688686687</Translation>
</Transform>
</Instance>
<Instance name="Standoffs - Gear Axel Holder-8" uid="Standoffs - Gear Axel Holder-8" entityUid="Standoffs - Gear Axel Holder*:*Default">
<Transform>
<Rotation>-1 0 0 0 -1.0658141036401498e-14 1 0 1 1.0658141036401498e-14</Rotation>
<Translation>0.077053630475237445 -0.11226047159601274 -0.00053498311313392166</Translation>
</Transform>
</Instance>
<Instance name="Large Motor-1" uid="Large Motor-1" entityUid="Large Motor*:*Default">
<Transform>
<Rotation>0 0.99999999999999989 -9.4368957093138306e-16 -1.0474444016529454e-14 9.4368957093138306e-16 0.99999999999999989 1 0 1.0474444016529454e-14</Rotation>
<Translation>0.015769272807975326 -0.085552408233631624 0.20839268024924582</Translation>
</Transform>
</Instance>
<Instance name="Large Motor Mount - Base-3" uid="Large Motor Mount - Base-3" entityUid="Large Motor Mount - Base*:*Default">
<Transform>
<Rotation>-1.9428902930940239e-15 6.9518221308178056e-15 -1 -4.7379704826448429e-14 1 6.9518221308178971e-15 1 4.7379704826448441e-14 -1.9428902930935644e-15</Rotation>
<Translation>0.022817772807969892 -0.1076884715960169 0.28116364361162399</Translation>
</Transform>
</Instance>
<Instance name="Ball Bearing-4" uid="Ball Bearing-4" entityUid="Ball Bearing*:*Default">
<Transform>
<Rotation>1.7924834605680013e-16 -9.7154506928413953e-15 1 9.7154506928413953e-15 1 9.7154506928413938e-15 -1 9.7154506928413938e-15 1.7924834605689452e-16</Rotation>
<Translation>-0.11637885887776964 -0.083685471596013458 0.019221016886866144</Translation>
</Transform>
</Instance>
<Instance name="Quarter Inch Pin-1" uid="Quarter Inch Pin-1" entityUid="Quarter Inch Pin*:*2 Inch Pin">
<Transform>
<Rotation>1 0 0 0 -1.04744440165294e-14 -1 0 1 -1.04744440165294e-14</Rotation>
<Translation>0.14791740449371577 -0.083685471596015221 0.24267001688686551</Translation>
</Transform>
</Instance>
<Instance name="Quarter Inch Pin-2" uid="Quarter Inch Pin-2" entityUid="Quarter Inch Pin*:*1 Inch">
<Transform>
